772126690
698371364
646946885
817848594
291139382
981681756
160572207
727790994
786739962
352214751
565924673
172770559
686490722
819437991
934755983
915618294
360187664
916375706
386745452
43346276
781807712
864989428
204589924
128915017
212795236
834162139
37697928
61215675
474064666
916098719
490573529
97707707
465986434
136520413
914556300
756125815
969718521
74128506
335433160
607974834
425343257
900357833
779745392
963350330
571312175
566017726
877968623
783016191
481393431
116230426
825362466
114717494
832736205
28952389
242632510
44531440
862114528
279330438
104747114
187695545
46945508
446836994
284403251
511931941
582357407
50475903
267057756
403592279
123604408
601490915
10567112
400464016
353365099
641828855
362814345
776193626
206846580
92299319
558209816
539756362
60046096
235088633
653473856
891782300
263041021
895106365
787830091
976671900
25953154
744093557
15883796
71898661
189930550
299287047
582830602
623804308
348762949
848888357
26396586
323883708
301895623
35963697
723347724
506777074
529308903
85162068
281970699
735155482
28977739
691696866
126428196
88023834
925785498
778902051
978806134
40342870
673008415
618152576
16014770
697961569
361246132
30898565
768860229
402693034
181701963
203207182
25497341
529464911
51095538
50893927
852348619
204507513
938373975
427212694
710284586
319199230
363891113
843771636
53354711
391868851
534468501
31299258
331409037
311770350
809201308
161731522
351113219
333726075
778884097
366127988
30687643
139130229
248542905
651064223
393339614
429244867
853271405
417836954
957709778
755883294
320247232
661574748
811907158
110137559
87787441
373708095
428336788
303194905
216479730
333207850
694063756
602464582
363507108
24472792
913234931
24224767
37720665
263348150
356950841
815604761
480992489
239154835
806251341
728535393
889219058
198590954
156780260
594006814
467944260
966006389
201406459
787191491
479097488
12313617
748845401
418401280
237538063
28698540
720596184
453017793
360906390
266176291
54482374
575929849
142165434
819233657
599154615
178886098
81581806
955105456
993490859
414090646
193260290
798742199
141626039
933995699
848849505
149922650
379518864
315793764
114929038
579925323
954501606
593026525
443755291
702347007
10427804
680293353
730045546
582540339
984827497
942468287
847716630
890826223
517398135
988882063
709059879
115552750
166768161
642158036
922174557
11775371
55248681
114434846
809517569
48391071
899946897
509883425
197313720
278465760
824677188
163759109
709907434
630695146
755785633
5179076
184558504
617729788
684472429
913604049
51786479
520816277
707588688
898503108
410642499
76503174
886385170
971218729
43572275
904669682
464893116
964746831
915445052
371658149
930698029
576478973
419049219
829644925
85362397
467879291
959627036
761555937
630638399
668534470
391251082
237940384
672713545
574809585
854670171
208702325
339929985
905456649
728518602
46518672
655476108
990677452
122021846
393377630
960896181
17110472
297047311
277305648
980857303
64008715
647963796
910555331
639487687
66013015
591716607
723850083
385408657
402859994
336922371
15047055
70394463
727173452
251987438
594624360
153499388
958173961
654843036
344945725
715146961
234877989
242980748
369623069
224555441
216518945
762000698
36967973
232629417
910564360
313273620
212486719
973573074
960237416
974558401
612060760
877766782
417791359
187427195
114691790
819651352
523349565
128738844
741562167
102039369
232242634
187702878
107055108
189416594
841545913
451000832
903563554
75423902
692981580
124702974
151495694
908500524
738220023
187463666
140129940
647784383
352253637
204133010
472873808
164007404
177691410
83934568
40774185
594482768
122878114
6982326
265650472
497744030
134721170
6212638
598783398
365963803
192915515
704838506
406896748
33461427
7355689
161976653
960401680
699337268
285679627
110897373
606837792
22899649
149877390
598484083
522200383
501131027
801617093
994074191
664138430
978308502
929525110
556428967
424307622
903919575
562411292
688958093
400663604
696132461
546687082
850963354
913612615
738602596
407318211
319509362
623580374
413673899
480486015
435498406
112011167
617681993
545395778
570365310
492097993
694273168
167849392
13298376
46920546
968466484
858888918
710058975
798291338
639930379
265487941
74115311
395366305
826899233
614589755
795029908
374548045
160276836
497509613
139677012
750395783
903827823
458186373
225492508
316501722
790188739
659990913
280029240
406870731
56903043
849394549
897968724
750176210
16243940
762783451
796096755
836226776
473188720
357672081
486034465
964635450
622160022
411666127
359001754
300575606
25255881
5548013
526640002
37049068
502057626
665317013
786444850
257401800
122503386
10937357
572903521
764208476
669928270
851932760
22595559
725831312
552843660
919564282
327523873
420603952
533864084
975136979
108347079
858569155
331809059
593381543
822204604
805485432
4047669
32722709
105061037
880819901
37270721
483217391
916868968
390844698
147534403
702313817
647246498
121554140
564767525
71666370
884762616
86212146
775115482
906358174
811043457
326959141
677438807
990083681
746563092
62819242
964220659
853910170
920388396
147546070
298808064
594109351
952031501
154372084
478348411
908608890
34191984
367135483
243342632
802577303
756980181
389877034
356407471
255743030
362947526
920174996
178925751
99226493
5387141
953041232
4584666
667946950
131516725
533539824
657030630
877079816
447875417
472767641
582506338
219780164
471830062
732830753
812889514
275377914
886202837
142754276
35503155
771911172
508889758
277845786
426004827
117386290
666722820
781412297
372129319
28670345
700587292
550055070
126896837
557490785
354612653
982997854
224437734
485129377
368054029
732984715
213725545
814929445
57268707
795231882
33709608
528098768
379578986
698115473
802476682
117298174
839869748
836979836
888209346
200275857
113825622
165730524
316662147
632064793
946142820
687791465
512251489
498246464
89362886
490664677
54737248
442975539
325178882
130691333
927104915
692232910
862676047
139830459
358678706
918944754
786578692
243904665
446043521
17674030
793536489
100036554
133972203
484922588
936016390
21181548
684198444
48842011
38428423
999860590
532423155
983571243
539168407
43674643
480817706
627531292
533339319
387071305
922023182
857518200
516762637
700644449
401267461
378438683
691991259
611462518
148899788
330086303
854367182
593943309
346760332
499420022
692979862
479732534
983342609
480512603
352430434
666541052
380870965
389858856
517917994
912294119
372430098
56086400
954968761
704764155
535134043
339824431
90835459
456157225
48858982
606598095
8318025
301642794
836553130
699309283
912105311
984452917
28395585
617988844
429912577
374155916
116408865
121892439
852888450
98751473
453921393
56835235
616808877
833792358
445694090
133726870
745086476
817124188
41329621
551571589
373404694
575463663
742912371
463240153
883137239
790771353
921354599
890455263
91414146
756907728
588764546
855035809
592876997
468676482
472024652
21789573
841832398
439949869
995198363
546237199
390217693
448119756
602072433
6026569
133428465
46766522
991269790
877514940
715407061
884115762
280602880
87811755
311095777
22515251
402568259
193233015
664802955
175439209
82688278
607733452
931346937
522969175
314285612
375740285
990645656
785310264
396529857
683994405
76776484
243244572
81747955
465994176
690364327
535336739
323537097
822792791
433619613
166323238
551824082
148026673
49439000
683943314
87354779
359534776
557974916
341439389
404284142
74294222
515878598
338488771
681027673
298741886
860457945
994313285
673482170
702619953
631139900
921528378
238130709
706916383
163772949
171395016
24426910
705653627
705731754
346964006
379962769
138351366
512287244
930786851
137894391
560726243
466246516
76765521
771777370
23221431
269721262
175061511
96515652
784599859
512550282
629059676
934858096
224524578
474889312
459856617
778660882
105029211
380384994
15791591
663461945
395674295
38702958
686888855
100327921
743434711
32852860
479290690
880786077
396656455
261593892
870196819
956382697
726840407
945962339
579676418
601578189
67199952
753737929
697093840
850799810
117804562
177669867
637174257
193845491
651559179
96030873
971506373
608104741
327932219
838814315
123083038
722606513
876517272
808971892
821934433
618951982
693341103
152741474
351254410
88997558
265851717
72967580
896896606
991692123
17929919
328089376
444786663
84129870
80827304
140880502
786446032
50148217
170066721
275136640
242993707
820625899
370167513
66016431
427730639
697099731
903830745
549813676
271222595
779348016
210301919
92157027
249816350
755159374
96414853
452587111
695673283
361266569
524554691
444086240
204475044
394000961
771175615
648261706
329647182
703519270
640658560
115093213
752667486
809725280
241746205
847177545
481867530
610913717
912193975
908598168
159529799
815024720
309928196
429752393
445889087
371746466
373425771
547221788
125905839
321356975
998808899
820579121
681623544
522363589
116181713
737614939
915364549
886357327
237392996
96528082
588876597
877051555
63137647
193060434
538293186
303883851
39237978
19160715
913797567
802948305
779275235
924843717
469489376
940719782
206112461
914378462
311466247
578538231
313116602
288888438
898895206
310925500
108467558
432035101
684805440
76165622
21166391
451686340
961522949
257559386
547214421
401915897
133610941
609352067
593976330
523420478
912235917
484730660
394097545
677549835
139195316
24889131
601393551
607684691
964608912
806506011
373579504
127591510
236560594
685696105
415479947
986972151
995621604
375463857
270523603
531943395
450629478
290689993
982629734
263668778
547249378
528844155
664584674
532376670
137196221
110077356
54797148
900948490
593808015
300411044
577498324
732003330
176816526
30408227
191204372
140425437
688430589
563783875
119533298
923991182
248479980
386529597
762479684
95617935
760993453
32003286
626561330
